{
    "AssetType": "Material",
    "Dependencies": {
        "DiffuseTexture": {
            "AssetType": "Texture2D",
            "Dependencies": {},
            "Path": "D:/GitHubST/TinyEngine/Assets/Textures/viking_room.png"
        },
        "Shader": {
            "AssetType": "Shader",
            "Dependencies": {},
            "Path": "D:/GitHubST/TinyEngine/Assets/Shader/SimpleTestShader.hlsl"
        }
    },
    "FloatData": {},
    "Matrix4x4Data": {
        "ProjectionMatrix": {
            "m00": 2.537273406982422,
            "m01": 0.0,
            "m02": 0.0,
            "m03": 0.0,
            "m10": 0.0,
            "m11": 4.510708332061768,
            "m12": 0.0,
            "m13": 0.0,
            "m20": 0.0,
            "m21": 0.0,
            "m22": 1.001001000404358,
            "m23": -0.20020020008087158,
            "m30": 0.0,
            "m31": 0.0,
            "m32": 1.0,
            "m33": 0.0
        },
        "ViewMatrix": {
            "m00": 1.0,
            "m01": 0.0,
            "m02": 0.0,
            "m03": -0.0,
            "m10": 0.0,
            "m11": 1.0,
            "m12": 0.0,
            "m13": -0.0,
            "m20": 0.0,
            "m21": 0.0,
            "m22": 1.0,
            "m23": 5.0,
            "m30": 0.0,
            "m31": 0.0,
            "m32": 0.0,
            "m33": 1.0
        },
        "WorldMatrix": {
            "m00": -0.7071065902709961,
            "m01": 0.7071067690849304,
            "m02": 0.0,
            "m03": 0.0,
            "m10": 0.0,
            "m11": 1.1920928955078125e-07,
            "m12": -0.9999998807907104,
            "m13": 0.0,
            "m20": -0.7071067690849304,
            "m21": -0.7071067094802856,
            "m22": 1.1920928955078125e-07,
            "m23": 0.0,
            "m30": 0.0,
            "m31": 0.0,
            "m32": 0.0,
            "m33": 1.0
        }
    },
    "Path": "D:/GitHubST/TinyEngine/Assets/Material/testMat.mat",
    "Vec2Data": {},
    "Vec3Data": {
        "CameraPosition": {
            "x": 0.30000001192092896,
            "y": 0.4000000059604645,
            "z": 0.5
        },
        "LightColor": {
            "x": 0.30000001192092896,
            "y": 0.4000000059604645,
            "z": 0.5
        },
        "LightDirection": {
            "x": 0.30000001192092896,
            "y": 0.4000000059604645,
            "z": 0.5
        }
    }
}